# BINS
file = open('rosalind_bins.txt')
lines = file.readlines()
n = int(lines[0])
p = int(lines[1])
l1 = list(map(int, lines[2].split()))
l2 = list(map(int, lines[3].split()))
def BinarySearch(n, p, l1, l2):
    lst = []
    for i in range(p):
        if l2[i] in l1:
            lst.append(l1.index(l2[i])+1)
        else:
            lst.append(-1)
    return lst
print(*BinarySearch(n,p,l1,l2))

# RESULT: 6940 3815 6112 5677 8094 6789 6757 4737 2577 2183 612 3446 496 3842 3372 2275 7553 982 3105 1371 5363 4210 1323 2039 4320 4932 1100 4460 4767 4420 152 7466 6890 4524 3509 774 1705 373 7508 2030 1726 6350 5111 3358 2487 1910 1447 1826 3103 7031 7089 7462 4294 -1 5821 6212 1173 541 7975 6913 2433 2339 4833 3606 3081 4969 2332 1328 7978 6706 7869 3521 8006 6146 3635 85 4554 798 253 824 6670 6111 1198 4294 6995 1351 7644 205 2874 3729 4010 2668 376 2209 4199 6627 5529 -1 2734 -1 1990 2528 7954 888 808 6245 707 6718 432 5905 2416 1874 1721 6602 6796 5985 6439 5561 7365 1965 769 3712 4109 3236 7718 4691 2703 4754 4304 7869 3429 7790 514 4580 115 5813 2826 7199 3854 4135 5713 1068 1942 2449 5601 273 4160 4067 7418 7309 3528 4478 510 2214 946 1741 -1 1464 4044 1751 7715 7698 4782 5612 335 2857 2962 3888 7386 469 -1 5546 115 5063 6902 1243 1990 4992 7859 5239 2784 1083 6566 909 7885 6036 1901 7219 4387 6367 6702 751 4114 7598 933 6689 2450 7899 6216 376 215 5522 1338 2758 5267 7190 4696 706 3136 2622 4253 -1 -1 5238 7023 7968 864 -1 5056 3593 3154 2262 6257 1686 1898 -1 390 2969 5340 4374 583 4297 6091 6587 4455 3695 8087 5985 7922 7797 3343 2328 6352 6215 5157 3797 2126 2828 829 7418 3486 922 4548 320 5261 2410 5467 5039 7799 6672 4859 3487 3221 1156 5311 1179 7706 3936 1337 6350 969 688 2540 5075 3311 2511 5357 2284 3844 7848 6672 1672 6377 5389 2665 6829 2563 6624 3729 226 376 5845 2940 2298 7107 1081 4405 1813 1928 3819 5319 2262 4017 1449 1303 7356 -1 2470 1135 7163 6887 7288 6374 7645 3362 6447 646 5131 1449 7618 2615 3087 3253 3420 2341 3022 4394 4458 6069 4306 3584 7834 4123 6582 7961 335 2998 -1 6306 4587 3752 7195 7260 8055 5779 5915 1153 7777 2985 -1 -1 28 2954 4146 4077 3616 4759 1177 5172 7857 3024 1299 468 2395 6882 7975 3234 5145 2787 4742 7736 5657 358 -1 2452 4331 2362 6136 149 -1 6877 746 60 4186 4755 3593 2125 2550 5780 3966 -1 7581 8055 853 7117 4242 7942 -1 3584 5619 6549 4719 344 1204 -1 2458 2271 389 2810 4812 4345 3894 5899 7600 2997 2066 2384 5561 1781 1046 3826 4503 -1 6689 6563 7503 7146 1168 4494 -1 6311 7794 2503 6289 30 4208 617 942 4407 483 2744 3401 1963 4465 7863 6501 4632 2817 3627 -1 1313 3668 7057 2514 1048 4710 2676 7666 6502 2744 5187 4996 6363 6759 1960 1916 4191 484 1546 7696 6277 3617 6974 4176 3751 3878 5959 2796 6311 3718 4600 4182 5852 1669 5116 7631 1912 3635 1712 2537 3513 2961 4301 1992 3136 2042 5994 579 3324 7781 4098 221 924 5684 3280 -1 5125 7489 5766 2918 141 2523 -1 931 4663 5083 2214 3695 5467 -1 286 7094 7483 1674 5080 3562 7034 2725 4911 1446 3461 4726 7456 1918 223 3564 5994 7017 7852 5430 4069 895 658 4680 7007 7555 3559 7951 4447 5143 3525 7765 6580 6291 4641 7654 3846 4954 3782 5780 5050 4909 2355 1091 3429 6599 7977 1287 4540 423 341 2249 3185 6813 875 3242 1089 1954 5908 876 1674 939 1363 4829 7425 1089 -1 4930 1703 2067 6190 7519 3318 6508 2085 3630 5323 100 6166 992 2266 1420 2280 3070 2061 3181 3802 2068 5444 3477 4509 2406 777 6014 7541 5542 6062 632 6347 99 7558 4539 2501 1507 4830 -1 4116 2403 2488 7722 3388 6194 1083 1552 6218 4153 6310 3468 1441 6356 3452 2964 8089 3322 -1 7255 1125 5542 7926 5735 2959 1529 7970 5117 -1 2652 6442 5959 2919 6144 1263 6971 625 4168 7252 1376 3579 4898 7753 4777 625 6414 5868 1299 3101 62 -1 6544 4087 5294 4665 3801 7978 7926 7157 8071 79 2792 1021 2040 2438 7068 6469 3566 6917 7457 4548 1455 5590 4432 7057 4527 5887 430 887 3172 5245 640 1957 2485 -1 5202 4066 5149 6151 2024 6902 1359 5420 3878 376 3668 341 2671 2274 7834 1951 2491 1310 2624 7146 -1 6841 4852 4655 4328 1608 -1 5564 6111 6477 4304 3411 1732 6359 7718 5336 2083 2935 1606 5098 7720 3693 3086 6818 4612 6722 5090 7490 6006 5372 4345 6993 4911 6101 6207 925 495 94 1834 -1 7511 686 7759 6493 3037 5282 7932 2197 968 5059 7120 224 315 6693 3373 5162 1062 5222 3156 3857 1701 5370 7756 2029 3868 4583 6098 5315 3640 2027 6919 3572 3564 3791 7748 5446 -1 4575 2265 2217 5252 2419 4726 3852 5314 -1 6067 2278 5734 -1 479 1862 2490 7253 6204 5767 4728 222 1626 5718 5288 7895 2560 3974 3358 7290 4872 807 3601 4007 2905 -1 1536 6759 1012 1343 6361 5615 -1 7461 -1 6341 4243 6302 2820 1610 5526 7909 642 6605 1232 1590 2027 6907 1744 1128 4129 1023 5924 5523 3671 2491 6427 725 -1 1074 4786 2122 6916 7004 1415 6897 1469 4382 3845 2725 2982 8082 6617 2425 6545 2137 -1 1586 4952 5916 6122 5816 2727 5882 3148 4325 3283 3359 7588 2779 2292 3087 5455 4405 6127 6069 4483 6093 4983 242 7651 1603 1269 3784 6919 6279 3123 579 6542 4481 5768 4415 104 7536 4606 2705 7644 6883 5281 1795 1528 6378 7646 7993 805 7072 5985 2050 4378 6333 7620 7777 848 1373 6977 4708 993 535 5538 7701 3995 1783 7729 1813 4369 5797 583 3082 5009 6822 6792 -1 5842 4115 415 5356 1923 4453 7758 8013 5067 639 6187 3461 1355 1965 6553 869 5145 1688 7203 7024 6239 3842 5509 3721 266 1325 3490 8092 1551 6550 2757 105 1817 1951 7854 7093 2995 4106 -1 4557 3529 1136 5201 2040 2769 5716 1314 2343 2533 6587 4647 2491 2415 506 8012 5675 1490 6533 6602 -1 6045 6407 967 737 5352 -1 5695 3979 4273 -1 7306 4443 2517 5641 509 1219 314 4330 661 3139 3647 4627 3605 871 2403 6222 6111 2275 2416 5048 -1 5304 6609 -1 2757 2574 7503 5894 5354 877 1259 7736 3287 933 3828 6836 489 -1 1693 6165 1259 3557 6836 5739 2401 6688 1992 4820 1399 4140 1937 -1 5732 3298 8058 2525 6516 6841 4374 2038 3784 1351 3506 2418 5304 2942 4477 -1 1617 1083 2611 665 -1 3518 -1 -1 4272 5417 2076 2115 682 3921 4927 7883 6274 5695 7386 520 4567 1552 1824 3126 3621 6624 8076 2525 5038 4577 6839 3131 2292 4143 2847 7824 6645 5007 731 1831 6103 1390 7336 2428 6299 2011 5044 7941 773 3657 7782 899 7168 4288 6311 8065 5520 6249 347 6549 7291 3705 383 7788 142 488 115 6328 7199 5535 5352 2563 4396 2431 7017 -1 2288 7610 1500 1314 6967 6671 7682 3436 7271 2319 161 6072 -1 177 4114 950 5340 7964 529 4930 2390 6986 801 5941 4385 2460 -1 5176 3576 2078 5459 3641 8068 1091 3799 5538 1046 5076 7756 5895 1827 2727 1440 4884 -1 4704 1094 -1 5396 3355 4554 5566 -1 7202 7739 3980 2137 2097 4085 2734 6293 7352 6155 5168 -1 7875 6486 29 7712 6954 7198 4992 2563 5076 3058 3702 7253 1253 2191 1051 7477 2592 806 5589 2646 6893 -1 978 839 5506 2111 1259 1898 2802 1873 3601 2032 6930 4270 2332 288 1445 7115 1290 796 6143 2140 7179 450 -1 2276 2034 6724 5861 4123 3123 6560 7326 719 1311 4857 5170 3076 -1 3457 2917 4299 6467 1970 5031 6127 7869 3185 4948 5086 7523 521 5503 3702 7222 7909 1142 4992 4886 7415 6397 7062 636 3299 4813 6992 2942 2266 2539 5103 3039 5196 357 1131 6645 2298 3770 4303 2254 3987 4728 7355 1180 3486 6461 209 4915 1960 6284 7669 4954 8008 5525 494 7838 7018 517 -1 -1 2042 7076 5883 319 7736 3264 2771 -1 1540 4876 7597 6587 3123 941 4114 5700 4151 471 4067 7521 190 -1 1310 4702 1968 4706 1705 7709 3387 3686 2685 5776 3765 6324 4566 4656 4176 2977 654 4178 6764 3657 7490 4061 -1 5107 6865 1336 1916 -1 877 7047 5831 898 2854 5465 4338 2848 2241 3869 4767 6804 7506 7035 5055 6823 41 6018 2839 5866 4389 3547 -1 3355 7647 734 652 -1 2540 6181 5737 6055 3444 1157 934 5876 6005 4992 5650 1534 4036 -1 1237 3842 1621 5542 6874 7607 3221 217 6151 4374 3246 -1 -1 2446 1970 3329 153 2672 1920 950 231 -1 4636 1746 3255 5597 991 2170 2686 5308 8000 3337 2060 4989 -1 6057 4974 7555 1768 4802 1604 7790 7826 6962 2235 4118 1452 4600 1552 2918 3273 3200 4046 3556 -1 2871 3704 3126 5374 6858 3197 3341 1512 4424 2433 3750 690 8063 3729 3477 2927 1273 4196 786 5379 6815 2075 6417 7219 -1 373 1236 4157 711 6503 -1 7028 7610 3702 3038 7743 1635 -1 5887 7679 7138 319 928 2112 6624 2636 1181 -1 5388 6245 2234 6367 8084 2601 275 953 4378 295 2916 219 4521 5617 2494 3211 2747 3619 5439 260 939 3901 6462 5511 5250 1176 7504 -1 3592 2324 7885 4612 6267 950 5474 1606 7303 1666 4370 5338 3436 4816 3355 5911 6979 7581 1986 6236 358 4934 859 -1 2471 4494 366 1070 4583 924 725 696 5669 -1 6955 1754 6350 7023 105 4571 6091 1490 279 4669 439 2047 2272 3035 2270 51 7772 3731 6528 5152 2025 4979 2296 7776 6932 7546 5978 5445 7190 2371 4033 7873 1459 677 7577 5131 7055 6288 2873 6186 5762 2566 7336 6123 4523 2868 6301 1285 3815 2333 4578 2258 1188 1781 2455 2594 1618 7079 654 3663 1708 3164 2370 -1 1601 2492 519 549 1721 5576 4436 5910 2577 6875 6803 7003 556 6786 2879 4671 4344 2359 6833 -1 4567 7441 3621 1192 3553 2651 4525 7548 2464 6134 4332 4194 477 5669 4636 5479 7592 7989 698 3640 469 2501 7065 3023 2425 1575 3395 6590 1682 8068 -1 45 7640 7801 1752 4020 28 7014 7290 874 7449 349 3789 294 6906 554 3086 8087 1156 5391 4266 -1 7125 1837 2173 780 2349 2495 6371 1686 7354 4496 898 4521 -1 896 2755 7574 3632 2485 3646 -1 4477 -1 5908 3286 7104 5046 6306 7547 4221 7620 1804 3392 5600 4294 2097 395 4557 3932 6021 1542 2826 5188 5190 8024 6541 7175 3294 6779 1577 3003 6003 6576 6000 6193 2160 451 3258 2876 3295 3674 3883 6799 1661 -1 3323 -1 3805 5345 536 7607 724 6737 1835 4813 6341 6270 795 3105 6797 6317 4086 5754 3844 7709 5732 5813 2769 6718 1913 786 -1 6500 -1 3221 7975 3707 1781 4090 6807 2591 5973 5753 4685 5911 3422 3116 -1 373 5861 2124 5643 3162 2570 733 6086 6183 5403 -1 -1 7285 1118 5259 2706 1924 2317 6350 7092 3082 713 8041 5985 608 1706 1074 6326 794 2206 3123 5387 6706 2482 1303 630 4333 6345 5728 2672 2633 3958 2406 1568 5449 6713 234 4144 7012 4002 7631 4836 7044 3875 2637 371 1744 4333 1689 2969 1765 37 2667 4784 288 6929 3517 7253 3293 1668 1786 556 7085 4626 3782 6675 300 4478 7511 6779 6545 1053 7315 4754 903 2595 2908 1018 7801 4339 -1 1017 4724 403 337 6591 565 7573 6682 1155 5423 7636 4811 1970 1281 -1 -1 6451 6088 3770 3185 2518 4862 4034 5730 2792 3468 3688 6189 2103 5999 5307 7373 739 879 6051 1014 4845 -1 7075 2506 -1 5478 1358 1981 5768 1229 654 4809 869 367 6924 3569 7776 183 1244 4800 786 5442 6764 6397 7199 1392 838 2865 4276 5710 7892 6328 2472 4610 7121 6822 5477 1867 7165 3892 284 4053 4765 1623 6227 7919 2749 821 4080 7309 -1 4743 6000 1006 1430 5370 2397 4691 570 4160 5584 -1 5482 -1 475 5214 754 2358 1456 4766 4812 7507 1594 4668 1437 6605 1648 682 8082 89 1623 7548 3012 6734 4810 5559 5425 4257 7099 8086 504 5659 2023 7828 5680 1623 2408 1953 2492 5580 255 5728 2265 5881 1820 7266 3650 6083 186 5205 6471 4979 7188 4833 5262 6342 7403 6593 6376 2898 6251 2995 7804 7294 -1 670 4426 4500 2364 4819 -1 4438 1736 1861 2851 6455 1195 7539 7569 1557 1243 1156 2212 1573 7749 1919 2217 3481 3158 2945 6237 7057 3616 4724 5985 3873 3576 3908 5073 4166 5467 4657 5611 7662 1890 4485 3155 179 2034 3093 7190 5610 7684 6298 5780 6480 8052 1471 6171 4030 7533 5612 6921 6132 3723 2291 3458 2668 115 6832 7989 8064 1267 -1 3295 7577 1131 -1 963 1390 -1 165 -1 7942 2708 -1 3374 3782 -1 1804 5820 1665 5538 2672 5912 7741 1303 1102 1786 159 6438 6184 5985 1617 7094 2633 7312 1083 2334 2898 3851 5544 974 3710 801 7281 6133 4088 2823 -1 1379 -1 1411 688 3139 6220 3922 4838 -1 690 3501 2038 -1 -1 4170 4616 5391 6742 -1 1353 1160 462 1028 -1 2202 1632 5337 2817 4777 7524 630 1996 5945 7627 7275 6167 5542 3469 5190 965 3300 7468 5692 2275 8058 7141 1188 -1 6171 4552 3019 315 4976 6254 260 -1 6352 4182 4416 7319 2399 -1 2635 1975 4665 3133 102 1851 7868 6717 2153 860 2371 3756 6407 617 -1 2021 5754 2401 4477 1446 1772 807 1770 4198 4717 5380 1303 43 5602 1986 948 5547 3973 669 6159 5625 746 6515 3982 7150 4100 4474 7924 430 3126 3203 6759 4711 682 5068 3084 3922 7796 5813 4111 7217 3411 4152 8043 5129 7307 2035 2894 1777 1487 2817 2223 -1 6091 4592 1777 2214 7905 451 4682 6853 3866 5462 4588 761 1525 4116 288 129 3041 1245 7713 978 4919 4790 941 5718 5732 790 5197 5482 7869 -1 6937 -1 6069 2735 4076 4285 7020 4058 6336 4345 8068 4290 1254 1427 7104 1346 6289 2460 740 199 6678 -1 8079 1609 3695 6745 3381 4949 1987 5768 37 3334 1686 359 3663 6114 2080 2155 5050 2390 4111 3082 5043 3536 3058 294 3084 2523 7536 5693 6554 2352 7535 2753 6923 5903 7699 652 7487 -1 6953 7777 4689 809 2559 4615 4859 4323 3266 6731 5299 7722 7109 327 4372 939 4100 3752 3120 6576 -1 1696 6742 935 6135 585 7798 7743 7380 162 8058 2058 7303 7528 7017 6036 3686 6288 5653 8016 4278 3120 223 1839 7104 2977 7332 1384 1229 5737 1014 3884 7748 1918 1822 4962 7898 3363 6311 6520 7203 7017 3836 87 5009 5149 236 5225 2258 2993 2121 4163 28 301 4796 4773 4160 148 6015 -1 5333 7446 2925 -1 5561 7776 2875 7372 4797 615 5848 6912 769 6304 5772 7741 7449 8082 2922 -1 4185 918 5864 1517 527 -1 7729 5612 1184 122 1918 6335 1061 4958 99 761 2360 3191 7117 4483 3062 913 7122 3977 5458 6691 2139 1725 7935 5875 6069 8037 1113 6907 782 -1 4989 5670 1986 2042 3458 3361 1525 2685 2522 1064 -1 -1 4567 2231 7341 7747 7004 5588 1067 3987 6995 6605 3626 4442 118 758 3131 6158 1030 5122 6098 5871 5161 3167 2865 3042 5985 2986 3877 7572 3815 -1 2570 6938 3516 6496 7676 7724 5740 5325 7191 1316 816 6218 7903 28 3702 -1 6794 5744 3920 6740 1082 -1 7404 998 4030 669 1509 4909 4924 -1 6956 5913 897 1149 2563 6844 3241 3495 5398 2049 4135 7053 4281 2931 2577 320 1873 1626 6433 2771 6602 -1 3195 7416 385 7947 7421 6320 6195 7051 1754 6691 2279 1765 45 -1 6886 1030 4744 740 -1 1958 1204 6745 5771 1024 2983 5016 2182 5443 -1 6350 1546 314 3802 1055 2415 7192 1344 4292 -1 6832 4345 6146 5391 3143 4673 7230 905 7881 4810 3289 4169 6656 2500 5977 5082 5050 -1 4594 6073 -1 3560 561 -1 6086 1643 4981 5262 5112 2187 1502 1594 6300 4505 6851 7275 -1 6622 3311 3598 -1 2060 3426 6367 942 666 4373 307 4097 2795 -1 4717 1176 2030 565 1932 7075 1511 6140 4809 5892 5928 4370 5828 5246 4631 -1 3886 1441 159 5744 1666 2209 949 3867 517 2613 2300 3449 3542 3513 2129 2631 4057 3185 4974 4251 7167 2021 65 740 1214 5340 2050 4832 -1 2225 3485 6788 400 1793 5137 -1 7312 3590 5357 3544 4506 4838 7528 2324 967 5048 335 3042 7555 4327 330 3027 4106 3383 -1 4607 4949 4111 1208 7647 12 2298 -1 3148 7483 5035 7961 5985 755 -1 216 3622 7264 4662 5230 284 1813 4268 7793 4150 743 3767 4276 6988 4610 4985 6181 5308 7769 5566 62 5276 2112 3803 6375 2779 5145 2336 7014 5707 2397 1879 7452 1898 5044 6168 363 3253 6288 4988 3276 1931 5728 7212 2816 3391 437 7519 -1 5498 2490 5093 -1 2606 4163 2671 2724 7925 2047 3244 6509 6521 3429 1976 925 2415 2323 6702 2434 3084 1860 6076 1081 7820 1273 4643 5135 683 4664 3145 7434 6694 3683 4267 4316 5277 7090 3973 1841 5852 7274 2073 5336 3603 -1 2407 423 3766 -1 7002 4002 4685 535 7695 654 7117 5268 1900 -1 6317 4520 1984 7355 -1 2813 1685 2679 4547 5878 2322 6438 1270 1475 2153 5970 2763 2533 1172 -1 6988 -1 2358 5304 3459 7659 4723 7598 6091 1756 6210 851 4749 4306 5340 -1 5602 6993 4496 -1 -1 -1 1895 6108 4663 396 -1 98 2652 6311 2618 5974 6293 3545 4717 278 7511 -1 4332 5936 3652 233 7705 7558 4879 5971 1856 692 7690 5073 2683 177 3675 1779 4648 7428 7696 1979 7058 4266 1084 4607 6381 4526 1561 4650 -1 1879 965 7867 4709 -1 7946 -1 7769 4521 584 7212 2830 458 -1 -1 3123 382 2253 2329 5376 2239 5632 5844 6128 7991 8030 2363 1120 6644 2792 6972 7548 7441 731 677 6542 3888 2728 1662 7728 -1 1502 7042 5396 6310 -1 310 5881 2195 6837 1753 1933 6759 1851 4351 6941 3178 1410 2062 4917 -1 -1 1441 596 5199 7842 -1 326 5347 7324 -1 6945 5968 4203 4139 34 3989 7473 5720 5124 6171 6648 -1 1423 5408 283 5303 89 2640 5609 5958 5615 -1 5469 2631 5466 7925 3630 7352 6428 4887 8038 2798 4427 6469 1495 6797 2269 615 8049 5516 6264 8038 6204 5188 800 2003 2185 2300 2170 1682 4192 3227 3734 5335 1513 1582 6177 5838 752 7253 -1 2254 3729 5088 5097 6361 1342 2395 799 6891 2942 23 5263 5770 3420 2235 3663 -1 968 5948 1746 2174 5758 5086 4429 5845 3652 8037 796 4461 5257 3420 2480 1790 6361 1838 5307 2075 4348 1544 6332 3284 1287 299 4436 3242 7079 3249 3922 -1 1937 1213 457 767 4042 4868 3998 7603 3858 -1 4730 6021 6709 4991 89 5324 6174 1443 -1 305 571 3052 6135 290 4463 1379 868 3778 6593 538 6717 6802 869 352 4907 -1 6943 4058 2115 6992 4205 5329 2686 2694 2824 -1 1107 5402 4680 839 5647 3300 3606 3557 7276 2817 7020 2380 1902 3752 5961 4958 6194 -1 2955 7609 467 4787 7635 2787 4299 4788 -1 6631 -1 1799 277 7812 813 3204 3701 7353 7947 3302 5854 1076 3855 5486 4916 3693 2455 6207 5892 6516 1255 7030 3898 5265 1381 4308 205 -1 -1 1014 3892 7690 6547 4746 1575 5653 4800 6596 7448 1517 5443 5467 286 2525 1629 1339 6905 2055 700 1650 4329 2097 5104 4357 1641 6027 5991 5083 7809 7932 7446 4795 7772 4424 7123 7857 1890 5722 6573 7533 2202 -1 3193 3635 3163 3116 661 4229 5745 1710 4485 2721 7115 7950 5101 473 5583 1677 2454 7643 6538 1421 3765 5777 2948 7382 5759 5215 2345 3673 2021 -1 80 6141 6823 6004 7285 3614 3024 -1 1534 954 3031 4793 1149 3642 4697 6939 5007 5674 3052 286 4675 6529 2244 4185 8054 1661 438 1755 2076 600 827 5605 6954 223 5009 4863 -1 2492 6874 7431 878 4815 4096 5079 7128 1483 1510 4055 6284 68 4412 4815 596 3374 4711 7160 6672 817 5360 3445 4674 3468 1770 4777 6632 1666 1746 1267 5110 2075 2000 4883 -1 4433 7805 7128 2718 6973 -1 1244 -1 3115 -1 7600 925 5653 84 1424 1110 7177 7975 6548 2927 440 459 6169 7937 4524 945 6924 6695 4507 4935 6722 350 1370 1878 3850 2978 50 4357 7551 4927 761 2055 2842 7786 6984 6863 -1 4451 1120 7675 2414 8037 1328 4374 2859 -1 6268 4874 4057 814 5249 3345 4830 801 4342 5036 7319 1229 7465 4117 5754 5808 3143 7609 6378 6367 6498 1398 588 2472 2928 2656 7747 1462 6462 426 2464 1411 1712 5179 753 7894 2104 4091 4795 895 5431 2946 744 5595 2823 2474 6850 3827 7726 7690 1658 4981 3481 80 7488 5761 6484 1632 3163 5549 6482 3040 2183 6484 5175 5823 3894 2278 -1 2117 5484 8078 1246 2244 918 4748 6247 -1 850 1941 234 288 2450 284 8036 111 3614 -1 2172 7905 2279 1314 3738 2246 5906 4983 3523 2298 2556 6021 4793 7644 3516 4914 4509 2258 1125 5798 3720 1166 3870 6027 2347 3231 -1 4208 2380 5808 6023 620 4543 4087 6570 3162 4070 5797 7843 6139 5190 5899 7985 4065 2915 1983 -1 -1 5768 7585 3457 4934 2566 5095 1910 7693 5157 4592 557 179 4992 4648 687 6089 2909 2511 5298 6185 6081 5524 -1 4857 2166 7518 8011 3324 3056 2745 608 5265 995 2665 -1 2343 3809 2997 6624 7925 773 722 2057 2914 2258 5133 3364 668 -1 7426 6544 1728 5602 155 3775 2393 5758 1936 2898 6783 8020 670 2360 5682 5459 3065 383 4622 3803 718 1113 5093 7029 145 8013 5111 1508 302 352 2688 1669 6055 6417 4724 1243 2664 5732 1585 2280 6451 1283 2163 707 3449 -1 4715 4155 1680 1042 4960 4049 5668 2087 981 221 -1 6178 4226 871 2748 6591 2902 4757 439 5676 6993 4276 5207 4956 1856 4390 4969 528 525 -1 6613 1462 4416 5851 86 4816 6727 5061 137 7232 3862 6810 5526 5088 2261 2548 609 2936 2829 5651 6445 4392 5947 1564 550 7144 1892 7098 3767 -1 6388 6775 2172 6415 2584 -1 1417 5824 2106 5911 4254 4879 7057 4430 6839 5967 7641 1390 7535 3931 1189 572 7829 6769 -1 727 2423 3205 2616 2040 5134 -1 475 3194 860 356 7825 3062 7475 4863 2025 4096 6503 2166 1608 2913 7000 5500 1834 1813 2324 4087 5577 6576 1266 2961 3928 7197 1907 497 5718 6841 6036 4254 7863 4711 2478 3197 -1 4543 7163 1174 -1 4452 3331 5325 4039 4932 6517 5268 4932 1037 876 216 4754 4129 7603 690 2765 4163 3837 -1 4914 6783 -1 1460 5232 166 -1 5393 1029 5773 6506 4091 -1 7172 3266 -1 6083 3239 4775 2142 7222 5726 4408 5696 5210 5778 -1 1862 3193 -1 2154 8068 2624 3034 6828 623 2853 6609 2298 2246 1726 6304 1058 5281 1694 4968 2531 683 1637 1547 4296 5339 4408 1762 6285 7112 1951 4010 5748 4338 1172 4483 4665 7383 7014 2948 5769 5414 6644 4261 5738 4966 165 7557 1970 865 6910 6102 4744 3443 2074 4642 2937 725 3639 3483 6930 7349 3630 1017 -1 1089 4585 6600 1177 2576 -1 3698 7329 4866 70 3320 464 3273 288 2794 5412 6986 5610 3969 4887 4475 1774 2980 33 5566 3814 2311 -1 3862 7407 3097 1250 2668 5155 6841 3823 4922 2174 5360 -1 7653 1157 1402 7347 6849 2572 7966 -1 1879 1428 6675 1299 6656 4754 -1 6446 363 1958 4946 2503 5420 -1 1659 4971 5482 873 908 6097 1639 6961 4458 3110 3010 3954 3936 -1 1521 6570 5422 7834 5602 -1 -1 6961 -1 7094 2637 3436 4759 7216 6193 7296 6526 -1 -1 5905 7989 6382 -1 5991 7562 5315 -1 6187 6693 2224 2210 4093 6885 6677 4542 2227 5147 1863 4631 3090 4844 1417 -1 6591 1841 846 7768 2898 3409 1762 1321 -1 460 4286 1415 5271 414 6187 6306 -1 4547 3903 1707 5661 3899 712 2620 2858 7782 122 127 2262 4966 1534 6503 4098 5831 5908 4194 -1 -1 6072 4942 6051 2720 1276 -1 -1 7315 105 7050 4338 4759 4190 3256 -1 6844 2709 1426 1245 5000 958 2262 3291 326 4118 6921 3671 5945 -1 7814 2602 2101 2971 4017 7785 7760 1743 7009 6757 -1 5131 2000 7933 5538 3625 3985 6065 4936 7984 4665 7286 2752 2296 1314 3307 5557 5069 1710 6525 2953 2188 2279 1714 7959 5595 -1 2301 7339 3360 4771 -1 7294 4588 1762 5336 767 5238 102 5883 5618 -1 160 3627 3118 1608 7551 6742 929 7864 7848 3919 4806 7769 -1 7423 7145 6821 6491 690 1571 4283 5839 5404 7495 2208 4530 6444 973 2905 3105 856 743 2474 873 3992 6356 6116 5689 3069 6018 1882 2854 2693 7540 2355 1210 4817 7643 6328 4849 4215 6371 3675 3588 7997 2021 1466 3056 676 1663 4852 2668 6299 5819 6604 3905 6093 7048 7266 5455 2907 4001 1943 5143 7562 -1 3750 -1 7378 7013 3374 5568 6886 2904 7543 2455 1476 -1 2588 7828 7911 7857 3107 1341 1832 2589 3774 5253 621 7779 7219 5541 1099 2675 4643 1921 5162 3692 4567 1552 -1 2982 -1 6000 5453 817 344 4139 4465 2722 494 6462 6345 884 3420 6495 6611 2091 48 6520 1397 5810 1547 3261 4894 4168 2228 20 4308 7001 7000 7051 4708 4114 1087 6800 432 6302 2055 1078 7137 3785 3174 8041 -1 6179 3056 5322 3510 773 2244 7041 6934 4949 7768 7743 7187 2764 3202 1974 2667 7081 -1 2185 621 7897 -1 2685 7361 1352 340 3052 2778 5379 2017 6521 3136 1647 588 5535 3265 6734 -1 326 7809 7384 3091 7980 3511 1462 4092 -1 6572 2191 4153 4797 2680 5116 2735 3850 5565 3924 7975 7245 3932 4829 2229 7721 7848 5211 6395 6153 78 978 1569 4813 1728 3498 6084 5431 6573 4989 4311 7115 2813 5459 2343 -1 1958 3894 3416 2226 3955 7258 6129 5329 1557 4063 7205 839 5352 7154 1429 6570 2424 7563 6285 6015 6153 1452 4918 7635 3489 5202 -1 1270 1038 6248 7319 7726 5427 5131 -1 -1 6740 3693 1869 2411 5915 1571 1217 4627 4113 3398 5759 3855 -1 461 5185 5182 3337 3217 6394 3836 7051 7686 7081 694 3180 2096 6042 2161 2441 2473 6733 3890 5726 3324 1122 4759 5958 1601 1289 3982 6691 3463 780 6755 1990 7175 2721 1172 4822 5999 6289 4455 3345 7011 7101 7326 -1 -1 3747 3548 224 4866 3473 1726 3566 5061 4430 2379 7977 1685 894 3612 2761 7984 2511 1552 143 7653 -1 3296 660 6050 397 7249 10 7577 5373 5420 4291 1807 5099 3519 442 268 3672 6815 843 6981 1030 5248 1996 3093 7782 5500 4065 3206 -1 5406 3174 5934 2458 2728 6761 -1 5778 1478 4838 5677 -1 461 6809 956 363 3985 4757 8058 4185 4627 959 938 7644 3532 6105 6417 1803 1961 6727 1210 5780 -1 4189 933 4862 6502 4771 5287 5334 158 3413 7822 4712 7490 1198 2538 7440 5245 7768 2265 4562 3179 310 7094 4905 338 -1 3846 3115 945 -1 5991 7888 3118 6621 135 4777 6597 322 3221 -1 1182 173 6992 6946 169 4 3662 5310 5477 1557 7143 2860 481 3116 3878 3901 481 2993 3458 161 5762 2753 7135 4240 7464 5197 3318 2291 3834 3154 3197 6932 446 3200 7347 1969 2807 6114 7470 6373 -1 739 3353 92 1163 1876 7326 1269 7138 -1 3893 4894 3443 1714 7030 4532 1689 4340 5737 -1 879 3601 7639 6648 4373 3977 3206 2616 5444 6249 7635 3140 7856 7633 2690 2290 -1 5317 7439 -1 4914 1996 -1 5129 3870 5551 4828 1443 6937 1099 3673 3070 3806 6919 1875 6613 4888 -1 2166 5015 7572 -1 7392 4028 4011 4712 4662 3634 3167 4096 2974 6663 7224 303 1007 5633 1586 5875 1725 7042 2577 5705 5823 5905 4452 3525 3318 2704 8053 2995 1355 7379 6184 4570 -1 320 2438 2916 6435 4613 4213 -1 3067 1508 1920 -1 6308 6391 6042 5366 -1 8012 4730 1010 2212 5878 4942 206 3642 5486 3695 1149 1223 5315 5381 773 6525 7365 4870 3213 -1 4511 7300 5873 1410 7168 3419 6882 6705 2642 4154 2122 2381 2385 4665 2083 6301 1222 1122 4872 7754 3091 587 7118 110 3465 4938 4972 7586 4145 5500 6499 4133 3672 5790 275 2741 3836 925 6841 4017 -1 -1 1014 2979 4311 8087 4306 4007 5779 2150 7807 3775 2897 7840 -1 6570 -1 6910 381 1074 1716 440 4208 7869 2467 4905 2661 7919 570 2403 3078 448 1648 7646 7528 6407 1147 1449 4877 6736 3403 1373 7025 5003 2967 3650 2395 2246 5930 475 3989 -1 6542 2143 473 -1 304 4750 4673 5153 400 180 7075 4474 3320 1933 1471 1849 1768 1835 5000 3326 3928 165 6979 3587 2345 14 7219 6510 1728 7609 3709 2953 525 2801 -1 400 150 3108 1103 642 3258 4061 4089 2525 5856 1652 811 338 1046 5251 6021 3182 2080 3918 5101 2381 6275 6718 2520 7113 2225 4241 956 5647 2126 7377 7290 1470 2694 6794 363 7174 3560 1864 7636 -1 1928 6626 7952 6155 7407 -1 6404 3129 7836 -1 5278 2388 180 6220 712 4840 2080 2369 3032 7318 794 1006 6016 6012 7654 4687 3322 5339 -1 7715 5800 2054 7645 1147 -1 7365 2680 4150 6451 5116 6270 5112 -1 -1 3152 4229 -1 2559 1323 6260 3614 6146 680 3726 3032 2908 3301 4376 4877 118 -1 -1 5387 852 1776 5046 6782 3916 7331 6666 3235 3004 6606 -1 3828 2775 2382 2293 907 7524 6599 4701 7411 89 3455 5033 7793 3368 5663 7620 -1 2680 3008 6317 6860 6343 2249 -1 6639 3798 2149 -1 817 7234 2484 7324 1768 1211 4106 3758 3125 5360 5188 7007 6586 1520 4854 7076 2781 6327 4011 3529 1103 836 1636 5286 6554 3221 1663 2661 4894 4607 7347 104 2910 1192 876 2306 7217 4111 6564 4752 6659 3326 885 1091 4891 7571 3581 2214 293 -1 2480 5744 263 3791 3001 7048 -1 1014 6218 5996 1118 668 2755 1390 2718 -1 2544 -1 6389 3629 288 3694 6640 3086 2879 2212 7961 4599 5396 1898 1906 6890 2158 4904 6435 2261 1540 5385 8033 1027 6840 2921 1719 1371 727 3972 3728 6775 6992 258 5630 1609 1929 7534 7418 6294 7932 3334 7157 4416 4367 8025 1958 6326 906 3725 3721 3812 774 -1 6480 14 5664 4600 7386 2602 5137 8044 233 -1 3767 2564 789 -1 -1 6243 3219 6254 4881 2398 3964 92 2480 7535 641 2212 318 524 3692 2202 2126 4130 702 8050 1375 5711 -1 5892 86 4818 4089 4822 6030 4474 7141 3529 888 3911 250 5384 1378 7943 7584 5547 7584 7322 6620 2433 6702 1748 727 6173 1702 458 1270 1745 3648 2305 2712 4430 3834 5061 6651 5034 6689 7126 2805 3392 5309 3642 -1 3737 5048 244 170 -1 7852 4452 6621 -1 971 1602 1958 -1 7591 383 1810 2279 -1 7004 1945 2848 2873 5985 4577 2751 2516 1743 1217 6984 7756 5352 1950 3945 6610 6688 6981 7458 2560 638 5803 2548 8036 3987 7581 4599 6402 292 1051 828 -1 80 4622 554 3291 4777 538 2430 -1 5907 1634 6289 8020 5677 1580 -1 7416 5250 1368 3334 6994 1497 3206 6992 620 2639 5610 409 4290 -1 914 3675 5027 6795 2491 7205 7859 2354 6209 7856 4974 1723 1843 6773 4080 6153 1053 615 670 572 7572 8073 4726 3345 3906 3596 4537 4721 3162 11 5809 3019 -1 3939 -1 126 5086 5252 4822 3790 1048 2470 833 7075 3953 1177 3853 654 1986 1500 1368 982 2346 3111 3368 6216 6534 1998 4791 834 4817 1808 5373 609 2739 7635 7420 5206 2779 2473 3020 5338 5934 4892 2157 2845 -1 5301 285 1342 -1 5315 403 551 5844 2975 3328 5571 6407 5991 7447 1299 1616 -1 2890 5892 389 5749 1626 1857 2349 6749 380 5894 5741 2933 -1 1911 3214 1751 6829 7380 4032 6411 994 3539 3986 2260 2170 5225 7877 1475 3255 6907 3520 2185 393 6010 538 3552 3542 559 1724 1674 559 1869 1337 7598 1421 1672 7493 7374 7957 736 266 -1 978 2384 -1 5152 1485 1200 4323 7869 6957 3871 4899 332 137 369 4417 5218 3650 4767 6451 873 4855 4038 6428 4586 7616 1761 1044 7711 -1 1941 3559 2958 1767 7364 3590 1867 1064 4292 925 5977 211 2541 5257 3349 5666 6866 3617 3054 2698 4827 707 4827 1555 96 3941 2385 2126 6139 2101 7598 1420 5741 1506 8035 6686 102 8063 1803 7856 7960 2388 1337 4126 6875 4311 -1 5283 1089 961 7788 3686 6881 957 5267 620 2085 5661 1387 2440 2868 -1 4669 269 701 5945 4385 2694 2718 5598 2851 1414 6086 7155 3255 -1 3937 3978 7188 2202 6499 3275 6993 1493 486 929 2329 349 2656 4355 6530 588 -1 -1 4058 758 1721 4543 2749 2499 5867 5927 6469 495 6174 5406 7577 -1 3413 7776 5748 1136 3438 3235 3924 2408 2300 2009 3174 4985 2787 7079 858 4499 4299 6394 1993 4167 3517 -1 6010 4194 3148 2663 7225 5882 2428 -1 4233 4955 3953 5663 4130 3320 3823 40 5996 6302 6550 371 373 6568 4690 397 -1 3721 7356 4841 5738 6724 7804 1957 4574 6671 3165 2937 1297 1535 1981 6853 61 1527 836 7528 1281 7786 7273 4494 2876 675 7997 690 5529 1639 3361 6718 791 2864 7450 4506 2585 2710 7019 4609 5159 7410 2372 3995 827 5011 2364 2528 3960 7762 4345 21 3383 4401 4017 3691 1370 4706 6189 1767 105 2847 957 4190 954 -1 653 4855 860 133 1270 6156 2350 5303 381 3569 7820 2495 1708 715 5433 4281 3755 5819 3555 2011 935 8011 4028 5375 939 4566 6661 343 7756 345 3172 7586 2810 2485 4434 3522 3483 4664 3747 5681 -1 599 2376 4805 1573 7440 4481 8048 5338 3477 2000 5798 1089 2290 -1 6213 1166 -1 7946 1466 2679 7347 892 2519 7856 352 467 6482 1481 4552 7334 -1 7869 5209 7178 3287 56 3999 7445 3973 1364 4566 3724 4060 7944 275 7991 7786 5808 1621 5626 6398 1935 -1 -1 -1 5973 3785 341 7452 1249 2476 6943 6079 4405 4270 -1 6377 6237 1878 1318 2408 6488 4985 3979 6249 5009 4333 3519 7345 6416 -1 1215 225 5762 2008 2495 4733 3200 5677 3982 7985 4529 7343 954 3688 798 3342 5638 3538 7326 7326 7936 1958 3295 4416 3027 1892 6645 6264 7112 6727 3634 442 6907 2297 5669 1243 -1 3809 -1 4302 5177 2922 3800 7743 6752 6372 1387 1331 -1 1646 7577 3886 1414 2399 2914 2802 7704 7446 4519 47 1447 3855 5868 4726 2766 6053 8076 2498 2234 782 7709 7435 3078 110 7087 7790 7470 7743 3553 7598 1008 516 6427 5647 4146 6484 4207 3321 2335 6973 5063 5121 4251 5498 506 7027 5027 6011 7690 1432 1476 2387 2797 1772 1219 2192 2835 2149 7528 843 -1 2083 -1 1290 611 4432 2784 -1 6490 515 6377 2739 5945 7682 1172 7477 2344 3686 58 2951 6139 6609 -1 37 2917 538 6747 6100 6793 7777 6187 6182 -1 810 6788 -1 1184 6566 6837 3337 4740 5762 4393 4850 5331 6216 5352 4086 -1 4816 5653 -1 284 3731 852 7997 3167 6694 1888 851 1527 5112 2972 5817 5636 1363 3849 8077 1783 7809 6506 4510 4942 3144 4198 3702 -1 6737 6497 6853 1824 972 778 4126 5257 2217 5868 5586 6477 7909 5379 6039 376 3832 6027 2152 1358 6116 5524 6743 2277 4416 6537 4336 4102 2137 2445 6129 1044 -1 7630 5716 4968 5461 2030 2411 6383 1856 6645 6836 4741 7300 5338 903 2599 3280 1601 4254 4364 6517 5905 5477 1331 6934 935 1697 7071 6065 2464 6716 632 7968 4076 5317 5278 -1 5838 3035 3163 7669 3745 7081 7749 7775 5883 -1 6292 7232 7627 5844 3110 523 3789 6065 2940 5241 1062 -1 2964 7445 6805 3638 1811 262 7335 5136 5335 2920 -1 2123 4260 7437 1409 498 1421 7080 998 -1 4545 3394 886 6575 202 4958 2369 1820 39 6365 2948 1649 5312 6331 382 2894 3978 2295 1583 2859 8020 4827 2959 713 4838 3621 7990 1560 5516 3440 1891 1714 2354 1067 1898 2615 5823 -1 676 521 7888 4921 7464 -1 5311 277 994 363 986 914 6094 6294 129 7485 4120 90 6149 1560 4849 3074 -1 3070 5109 5427 1190 5076 6484 5034 914 3612 2544 3678 2065 135 725 6566 3152 2594 1210 2298 2592 -1 -1 5413 -1 6907 -1 1643 2698 2097 6802 4981 460 1148 3319 -1 7324 734 6380 3990 4061 5977 1290 6517 554 -1 7644 3521 2568 7647 1682 769 7620 6839 3232 914 -1 4608 6330 2403 2059 2231 6029 1970 -1 4717 31 5052 3457 1090 3175 7951 3716 6317 -1 2074 111 4075 5866 3635 7218 3465 2935 7575 3042 1201 2948 4041 3969 3153 1447 358 7496 6038 5520 3372 5696 7618 6382 7699 378 3305 5340 1573 3115 352 2086 1398 2308 706 -1 5005 4448 4648 7638 3525 639 6322 7755 7483 3298 1535 3800 3418 4580 1783 7428 4007 4913 5722 -1 6989 3377 -1 1948 1671 1157 931 4338 6538 2988 5571 2655 2284 -1 2910 6998 4071 6542 7954 198 5569 2359 2655 786 -1 6868 6076 7878 1362 436 984 849 584 547 1566 177 6803 5991 1632 366 1132 6540 5985 4579 -1 2918 2074 7388 5116 6916 840 6407 4095 549 6501 7695 1699 3537 7931 4351 5194 6800 5783 4650 1045 2298 4992 7596 193 3352 1741 5110 37 3477 1066 -1 1206 3968 1699 1601 1674 6421 6011 -1 2868 1018 4384 -1 487 4892 1460 3443 1078 2833 521 6643 6428 5538 6305 -1 -1 6443 7477 2884 4870 7036 5299 4759 3650 263 6645 18 5848 5939 -1 3576 3110 816 2152 239 5753 744 -1 3597 7722 580 6767 981 2640 6050 6753 4537 1552 5745 2477 4133 3949 7434 7846 650 54 8073 1794 6260 4690 2109 6740 5569 -1 3024 1694 4281 938 6570 4402 2661 1120 6785 569 -1 704 7553 5258 3832 6771 2962 698 4157 3886 4478 7885 6423 384 1616 4883 704 1794 5046 1212 3629 1084 223 919 403 5185 2155 6783 5577 2273 3200 -1 3751 642 -1 3622 7996 -1 1421 5209 2654 2152 1898 4927 7829 4844 5707 4039 7663 -1 1574 7758 6718 5227 4687 5134 1090 -1 -1 6173 2700 4067 4056 7854 1493 -1 2135 2907 -1 -1 -1 462 1574 3358 5404 373 4543 7528 1747 4715 1382 4087 2378 5324 4472 6391 361 3190 6937 1861 673 5700 65 4244 1828 5192 5283 2563 2918 2553 6308 363 3499 2114 7845 4924 2365 7898 1007 3711 -1 2900 1349 6421 1786 2475 4092 5107 -1 5984 1873 7493 4132 301 6984 1525 6688 2473 2310 2902 -1 2721 300 4571 3955 2735 5497 4783 2397 6135 597 4240 230 2172 -1 5958 4677 2993 2239 435 2988 1297 1027 362 4857 3333 3828 6651 2279 4423 3943 8063 5903 1266 174 3353 1365 6033 2860 7127 104 5140 2985 3096 5763 3034 117 7257 5535 7943 3664 5866 4451 7080 5547 7969 1272 758 574 5489 242 5357 4221 310 5965 1371 7694 6613 1499 1544 1031 6335 -1 4713 5765 1348 3120 7978 3942 -1 279 64 2047 6266 956 6057 6963 1652 5658 4984 6725 1258 1996 5816 1842 4387 2471 6181 3894 6487 3012 4199 6291 7505 4564 6015 6053 5653 3715 2554 734 1557 813 434 3337 1788 2121 -1 7996 6737 3315 -1 2539 6493 1882 1303 6243 2912 2055 3665 6656 1830 4950 216 -1 1111 407 7197 894 2206 3310 4221 7788 5572 2436 3165 3152 4016 357 4392 5118 3882 4087 2783 7873 -1 3982 527 -1 5985 929 1848 5864 7759 2237 3129 4891 2107 4290 6294 1397 6924 2573 2175 4133 3499 3167 871 3325 506 6548 3947 93 1343 252 5574 -1 2460 -1 5568 2478 -1 2143 4690 3799 -1 6969 1782 2071 -1 5112 7614 5854 4274 4567 5312 4339 3492 7483 1354 -1 7216 8058 -1 4032 4360 -1 7639 6897 2469 3828 341 1058 150 23 309 3542 4909 1223 5427 4451 3319 7657 814 30 3895 3264 3023 5671 5121 715 3291 3928 3206 211 7690 1132 6285 7160 3609 6465 3931 2634 8013 7623 2566 2700 511 -1 6387 3107 4273 825 1754 1963 612 2031 2249 5705 1177 1175 5372 4636 2476 1793 5783 6185 5482 1153 6488 -1 2261 3805 5424 3087 2308 3362 -1 5011 5614 7452 8050 2277 509 7991 6389 3985 1188 5072 6796 2353 183 6580 1638 6402 5466 6919 152 7591 7218 5696 6226 6498 7534 5627 1415 5230 7838 3535 -1 992 3051 -1 4050 -1 3634 4901 5322 3699 1967 4927 63 6 2823 2100 6729 7911 1483 -1 1134 5627 2076 7372 4412 871 3982 7784 4149 2464 1647 4018 5107 2571 4247 1557 4646 4235 7786 7012 3400 6135 2645 706 3662 -1 7888 4126 6921 5754 2529 6365 6846 2880 1399 5048 7526 37 2217 4047 3488 4942 5746 3362 8013 7705 4931 -1 1746 7409 3156 7152 7526 6352 1223 8025 7112 5665 1561 6706 7006 3415 6658 3804 2763 7733 2219 4465 6346 4254 3228 768 3808 5486 7357 1757 904 6175 7404 3008 3182 4308 3562 4476 -1 4546 7205 472 3693 183 6269 2586 7647 4580 6942 7573 4385 1593 7722 2761 6645 -1 7365 7534 1166 6924 1472 4455 -1 6527 7505 1839 7569 2182 7175 4925 1250 7798 2119 2859 3185 2160 7804 3046 -1 5698 5014 6934 5811 2713 -1 6884 6480 3622 2602 7441 2355 7927 5796 1942 2963 6065 2752 3875 2591 2589 4434 243 2395 5091 2097 5534 7349 2615 6964 5716 6539 4689 1107 3558 666 4855 7560 2875 3862 3605 5042 6858 4706 7418 5939 7477 1666 7212 6559 6391 4845 897 2472 7899 1008 409 6026 6542 7175 2879 1243 1097 -1 747 2055 1994 5632 94 7131 5143 5511 177 -1 3371 3740 7920 3750 6385 3093 3637 2350 2092 5323 973 536 -1 2826 3219 4438 7118 4130 7449 6289 4396 7117 6520 7339 3986 1741 3862 8017 574 3968 1937 5317 7132 4050 6575 4702 4146 3140 4194 2577 7175 2061 5236 2488 2394 155 5323 5084 4981 1690 2464 5910 3725 1663 4815 1232 320 8026 430 853 1901 6132 2783 3658 4333 4123 1229 8033 676 4559 4628 2611 1757 1681 2347 -1 148 1118 7603 1281 132 521 7651 2888 6417 5062 7878 173 2762 1710 3822 4065 3027 6529 544 -1 -1 4796 3811 6046 -1 -1 1766 1135 5753 -1 3050 5947 1010 5263 1511 -1 5566 5819 1692 5019 7369 6562 179 -1 3710 1674 5290 4908 7039 2729 2948 -1 1382 1729 3667 1557 1891 2364 5520 7006 7281 860 4849 3594 5828 7459 6120 2959 7909 7110 4877 2232 4394 3197 1063 571 4046 186 2073 2902 -1 5304 4226 685 615 7451 1982 7204 4500 4472 7521 6914 1013 4960 1102 5962 1214 4151 506 3219 541 2566 7431 -1 6428 4095 4458 3741 8088 2546 7150 7485 6114 4387 7892 7661 288 7815 3523 -1 5831 6287 3639 1228 2796 5033 4114 713 1080 5664 2826 1506 -1 1136 4431 -1 4267 4914 1654 2724 2745 4300 2101 3891 5751 -1 3804 6833 7671 2894 779 2635 2386 4631 751 1287 2841 6828 7006 1772 5218 3342 -1 5971 2824 4320 3542 1331 5474 4457 98 -1 2787 4218 3584 7386 6713 285 1162 6305 1107 3758 7597 263 1058 7666 6173 622 -1 3002 1828 7334 303 1665 4212 3540 506 837 3413 1639 6137 7340 4992 5664 5482 7171 5867 6884 3203 2722 3185 5739 4490 4806 2795 5977 305 3056 6750 2446 2742 2115 7658 8013 3822 5222 611 956 -1 502 5080 -1 45 5621 7465 5950 1843 7586 325 6859 5 -1 588 5619 5718 3014 5466 4383 58 6611 4885 6740 1097 2636 5473 5657 1937 3244 5821 133 6086 6882 -1 6966 5465 1552 3829 7624 1955 3959 7451 2040 2102 4531 6610 2634 1798 890 6396 3302 4742 4811 6008 4004 5331 2432 3263 7679 4078 -1 5247 1892 5746 3140 5232 3614 7851 8055 3788 895 3008 3804 3809 2604 4687 7821 7651 3240 6804 6968 477 7399 6906 -1 6755 5902 4138 6887 4780 1240 2287 4090 1543 532 6883 2593 -1 6326 2133 1200 2352 1149 2740 -1 5330 5810 1137 288 -1 603 5608 4194 4152 727 1296 -1 4398 4958 3723 3263 6910 2395 2197 6621 6323 6712 -1 5621 5352 7928 1958 3496 1478 4392 1400 4301 1356 21 1164 3809 5797 928 -1 2437 5699 274 4559 -1 569 4557 2880 5749 2824 1411 8081 2403 6416 5586 731 2955 1598 192 853 7465 6187 2145 2744 4694 3775 712 1847 6169 -1 1396 5409 3296 6160 6857 5402 2517 1188 2145 7881 88 3925 6257 1317 521 -1 4280 2408 4044 2324 -1 2525 2655 4285 4159 3044 -1 881 7283 6163 3507 1896 7223 4850 4213 -1 5788 -1 -1 4697 5073 3065 6945 3423 5476 2155 3510 -1 8032 5086 2407 758 49 6615 -1 2355 3167 4405 -1 1276 5178 7286 1483 3565 6631 5548 7627 7183 570 3099 7349 794 3914 -1 3188 929 907 241 1107 4564 5572 7306 5993 7764 559 5406 2722 5911 -1 3907 293 4806 3102 1667 2694 4347 7815 4960 6057 4885 1623 1751 3405 7597 7968 6767 -1 5075 1325 6744 5935 4465 233 1754 2093 2271 -1 3429 4260 2873 8081 7724 -1 105 7095 -1 6218 2300 7307 3957 3014 782 6718 2628 5104 6773 3456 504 593 5398 -1 5007 7888 6831 3712 1669 1169 1699 3683 5139 5957 7373 6162 2391 5055 982 644 4085 5350 4261 6359 7689 5768 5314 4932 2570 1666 6076 5409 4192 7286 4378 6718 469 5278 -1 5744 4577 1929 4241 6425 7274 5693 4451 4175 5065 6580 3581 5153 5098 6662 2225 3591 1906 7503 5982 2449 7339 4783 570 4478 6007 384 6482 3093 1773 1832 3791 4205 6771 690 2945 2031 3830 331 7537 6772 4819 3861 1334 5924 7349 4554 7206 2302 6045 2899 94 4962 6061 4935 7833 2448 6703 750 2920 4660 1182 7403 4261 -1 5056 2326 7252 7170 5821 2670 2169 2126 1693 2462 4796 7548 2913 6173 -1 4752 -1 6636 2104 5391 6242 7072 5487 -1 -1 2912 1229 594 3362 6488 2790 7918 1481 4476 5339 4686 3556 1466 6180 1659 3840 7024 4833 6245 450 1707 -1 2476 479 -1 4566 821 318 7013 798 7144 569 7595 42 7545 3911 5282 5245 143 1489 3555 6677 4460 5321 425 7537 180 7813 4701 314 459 5635 2924 -1 7020 5352 730 7822 4011 2810 7482 6595 5024 5461 3627 3398 7950 490 2672 4564 5932 271 1466 129 7163 5230 805 6783 2514 4923 5846 3420 -1 -1 4377 -1 420 4841 4540 489 6885 5016 5682 5735 5684 2038 88 4602 5691 1010 1762 1107 2346 2250 5356 5180 4247 3029 3039 100 833 -1 3950 4143 7718 3811 1621 588 6163 178 3258 318 7418 -1 1360 297 6767 2593 7553 5534 3420 4167 5699 6876 2243 298 7873 2817 3023 4621 1542 4588 4397 4732 330 -1 5482 6417 4531 6282 3848 8032 2560 3708 2823 -1 7133 2522 796 6367 3982 5557 1469 5644 2766 6414 6328 4523 1078 -1 456 7130 4025 4052 7838 -1 3782 5707 3232 5564 5340 415 1524 4631 8023 6063 4023 -1 5549 603 3829 4415 7917 4573 -1 -1 2910 6879 6311 630 -1 7288 2416 7018 5019 4146 3492 6985 2038 4833 5864 -1 4033 2635 563 4960 2437 1250 7698 4462 6030 5187 4841 5034 2688 174 -1 6172 241 -1 7888 1477 3606 4370 4153 998 6098 887 102 7736 1734 26 4599 266 -1 4752 5174 1343 7446 7689 7204 1677 6789 1081 5754 1749 4404 1539 2836 6746 1441 6803 1352 2997 455 6986 6064 4445 6595 4155 943 498 2379 5471 6899 4199 2117 7258 5482 5382 6090 2955 -1 6121 6823 6439 706 3082 6049 4110 4517 -1 2234 3413 7946 -1 6612 4615 6696 1540 7353 1957 2312 4813 4360 3328 3614 108 5957 755 4787 1928 7107 -1 5038 7617 1613 4730 2706 4779 5412 4989 4465 7141 4485 3699 4669 2551 1302 7682 1517 2078 7918 4886 8046 3019 486 456 219 608 5242 7092 4025 5868 1002 5796 7322 8050 8073 4508 6055 3985 6081 -1 6672 2399 253 5262 4528 -1 1082 7477 7883 5406 7682 3458 3821 1349 96 7993 7515 3576 1458 434 4817 5388 2025 -1 7558 1220 5215 1064 7731 1117 5905 7008 5741 -1 7441 2569 6899 5412 4801 6080 700 7016 4096 3941 356 1718 1355 7146 6781 1912 -1 6995 2074 6302 6615 7509 5121 5463 2622 2656 7830 3034 840 1989 -1 1617 310 2069 7222 4797 821 4827 7593 7798 7181 -1 -1 -1 5883 7966 1979 7379 -1 7575 1072 3697 2003 6873 2972 5854 2935 7487 5526 193 1700 4528 3596 1136 6524 7936 5858 3771 434 7319 7657 7883 -1 8048 888 1174 7059 5768 2606 3355 7607 3046 -1 1144 26 3087 7065 534 414 909 5436 1720 1614 5107 4932 1779 631 6016 3127 6139 914 4588 166 3203 2748 7188 4216 2974 -1 5857 5372 2581 -1 1676 2366 4569 8081 504 2111 4286 5815 1755 6347 1817 7855 1339 3801 -1 1647 3418 7753 6335 2375 2148 3420 2628 783 5003 5166 3498 4450 1493 4832 4068 2679 826 4825 574 1555 654 3711 85 -1 146 6677 -1 6887 7013 454 7115 1286 6905 3252 3718 7053 950 2995 3276 6508 2012 1866 5676 1297 6941 -1 6616 2021 5322 3082 5606 3035 3483 -1 7199 36 1283 4580 6764 7772 5640 6631 -1 6691 414 6831 89 7595 3593 5484 4711 612 1243 4156 6963 1643 -1 7219 5615 230 2235 700 2037 3954 3947 1353 5745 1151 -1 4052 5094 5559 3004 2945 1937 6105 540 5602 2397 541 6979 526 4306 6330 4665 4840 3042 2993 159 5195 4549 5401 5263 3459 6200 3962 1206 5405 7307 5319 170 2488 7670 4125 5583 7009 7618 -1 3508 1259 7937 7957 3020 258 33 5588 5340 397 5700 3262 1372 3316 1481 7042 2912 5584 2940 5507 2085 1789 4138 2425 5443 7067 2233 5398 1885 7285 4610 5427 2337 3658 6924 1270 7633 2685 5130 7061 2933 2464 709 6891 4458 3420 1694 7730 7202 257 722 348 6150 3294 6306 4640 6018 1164 5045 397 1902 6410 7682 2222 4787 2321 842 6833 2586 830 3685 5003 4485 7779 -1 5445 1418 -1 48 7017 3612 1742 1437 6630 1031 4030 574 2985 7336 3259 4404 2093 1083 3054 2868 3744 713 5290 2857 7117 7793 5120 5062 6326 6238 6103 4636 927 1666 4658 7702 -1 1796 6678 6144 3307 5080 7830 7713 7786 1977 4160 2304 67 1848 -1 2687 4357 145 5785 3684 7809 6442 7735 1979 2700 8065 5605 6767 6645 856 7281 5083 -1 455 1014 3441 7265 -1 4751 5831 1166 3776 8041 3648 2637 5263 2297 6050 1099 428 1618 6375 4585 5860 -1 973 79 1096 2910 3821 2373 -1 3067 7489 293 1708 3700 4877 7041 2581 2916 1499 -1 1206 6298 5405 6917 1263 4899 -1 3908 1983 406 4543 213 3600 2792 2223 4480 2508 3293 6216 -1 3987 3076 1789 -1 4492 -1 900 6755 5137 -1 1028 5431 3232 713 2433 3587 2276 4673 7212 3191 -1 4805 -1 108 7274 679 4582 2130 2967 846 59 8013 5063 4764 2036 2792 6289 1602 4340 3258 1061 1047 2636 7065 4185 6528 4241 7105 1365 16 1798 3111 7707 5013 5158 1338 -1 7875 1005 3248 5525 5431 3060 2399 3501 3262 6991 2464 7932 5389 323 7212 4865 5202 631 909 509 6308 3707 2025 1298 5981 7011 921 1919 4139 3691 1804 2044 3852 5312 6948 4853 2630 1777 2716 3211 2939 3665 4927 6645 378 1103 5760 7961 6973 5871 2935 4571 5674 2947 2714 5048 6609 7732 41 -1 7695 7961 2454 4628 1707 2055 846 5402 2685 6762 -1 4641 3715 5476 2933 7623 7334 5094 4950 7951 2461 886 1122 -1 4816 1808 775 3364 4408 878 855 4203 1677 7708 -1 1303 4442 606 5798 4331 5527 902 2143 4455 7248 2942 -1 1884 -1 3355 2038 4078 -1 6053 7182 3935 5386 2096 1504 192 5844 5068 1262 4268 5257 5378 5610 4543 -1 5201 1560 6316 4825 1197 3082 7738 6686 -1 2033 -1 2998 7704 2196 351 2524 5579 3935 39 8024 442 4109 2946 4759 6577 1557 3645 7864 6372 5873 6085 3087 1885 2907 1514 140 1026 -1 5155 2164 1217 6411 7206 1778 5034 3742 2935 7373 1034 814 1749 6564 2845 3987 5080 -1 2799 4478 611 5304 7036 7264 1560 131 4587 6112 7573 3544 -1 1864 1617 1305 5848 5394 -1 7065 2314 3974 901 7856 4713 982 5531 6750 6588 7951 7461 8025 -1 3400 2200 1399 6537 2260 5687 -1 5797 6451 -1 6132 288 6297 3888 473 2730 2261 1759 34 2514 -1 -1 -1 5981 -1 -1 1761 5030 -1 3862 -1 2254 6444 -1 5881 4682 3436 4876 6137 4925 6934 1249 3341 85 251 6076 2645 217 3591 4483 2851 1298 4343 4952 1946 6062 2047 2428 4941 5227 3148 7391 1867 4800 6694 -1 7696 4459 3640 -1 5479 4048 7394 -1 -1 4137 3344 5622 7720 7090 3105 2905 -1 -1 3060 6174 1898 2163 3583 3758 7461 199 7192 5506 1160 3787 99 105 3968 -1 2909 3001 2676 3025 3422 6148 3736 397 3292 2145 3458 6884 1833 3912 1344 7058 341 5242 6294 1611 1447 6997 1390 3540 71 4575 78 1578 593 4857 2491 1569 6501 -1 2052 6620 3123 2054 2713 5688 3220 1604 2688 5152 3008 5768 -1 4763 271 2115 5382 2419 1385 7769 3580 6129 4221 5396 5267 7696 978 6139 104 1837 995 6163 1022 8004 7492 7618 4025 4792 2714 2663 2518 7105 5949 7392 7309 6270 3053 7752 1721 1641 6868 2884 6364 3239 1965 2256 3827 3644 1036 6645 1656 6514 1901 6198 6380 2047 4706 3721 477 6200 2569 4394 5172 5894 5284 1060 3392 1065 6840 2036 3773 959 7776 1360 202 2760 6063 5491 975 5486 7653 7965 -1 5890 1187 162 6457 6197 4036 2741 3175 7856 2261 1256 7097 3255 2771 2853 3702 3197 5095 3344 1427 3622 5734 7543 7389 -1 2886 6985 7362 4984 3285 4691 2799 6359 3123 2735 7246 7223 -1 368 5071 8022 7016 6033 516 3259 2018 4855 4530 636 238 5254 5594 3477 6114 5646 5034 6352 2514 8057 2589 6684 5845 5289 5381 1791 5561 5910 7030 933 4958 748 8073 4160 65 6274 1636 7236 4610 4854 266 6865 354 3712 1048 517 5172 545 747 752 5561 4387 6151 1043 840 1328 2472 3592 -1 5350 6495 7384 1048 6734 54 4160 1281 -1 4903 2762 6348 4704 434 6779 5063 -1 -1 6239 2207 -1 8085 1074 414 7177 4325 8037 4643 5930 4644 3455 1986 -1 6239 6405 6789 6129 3046 105 1104 6306 7899 2714 3440 1026 7941 699 -1 4746 1488 6380 1641 5831 217 834 3709 3593 -1 2493 -1 5211 1743 462 4338 7758 5109 -1 7138 60 4791 7053 1381 1365 6411 -1 6932 6348 82 4652 7551 5310 4591 6284 3588 3313 5259 3637 7953 2039 1339 3019 49 7873 1637 -1 538 -1 791 1932 2071 5868 6672 3717 5000 4616 6844 2620 1871 384 4518 1382 519 4810 1656 6317 5847 3170 7301 2160 764 5734 3111 2303 7998 921 7930 3405 -1 2826 1796 6769 6771 6103 4730 4881 2957 4207 5892 3486 2097 759 3576 2021 1117 3311 1120 1276 6888 1423 1164 4635 4510 5757 7751 2239 6759 7393
